0.00000000   
30.00000000   
60.00000000   
90.00000000   
120.00000000   
150.00000000   
180.00000000   
0.00000000   
30.00000000   
60.00000000   
90.00000000   
120.00000000   
150.00000000   
180.00000000   
0.00000000   
30.00000000   
60.00000000   
90.00000000   
120.00000000   
150.00000000   
180.00000000   
0.00000000   
30.00000000   
60.00000000   
90.00000000   
120.00000000   
150.00000000   
180.00000000   
0.00000000   
30.00000000   
60.00000000   
90.00000000   
120.00000000   
150.00000000   
180.00000000   
0.00000000   
30.00000000   
60.00000000   
90.00000000   
120.00000000   
150.00000000   
180.00000000   
0.00000000   
30.00000000   
60.00000000   
90.00000000   
120.00000000   
150.00000000   
180.00000000   
0.00000000   
30.00000000   
60.00000000   
90.00000000   
120.00000000   
150.00000000   
180.00000000   
0.00000000   
30.00000000   
60.00000000   
90.00000000   
120.00000000   
150.00000000   
180.00000000   
0.00000000   
30.00000000   
60.00000000   
90.00000000   
120.00000000   
150.00000000   
180.00000000   
0.00000000   
30.00000000   
60.00000000   
90.00000000   
120.00000000   
150.00000000   
180.00000000   
0.00000000   
30.00000000   
60.00000000   
90.00000000   
120.00000000   
150.00000000   
180.00000000   
0.00000000   
30.00000000   
60.00000000   
90.00000000   
120.00000000   
150.00000000   
180.00000000   
0.00000000   
30.00000000   
60.00000000   
90.00000000   
120.00000000   
150.00000000   
180.00000000   
0.00000000   
30.00000000   
60.00000000   
90.00000000   
120.00000000   
150.00000000   
180.00000000   
0.00000000   
30.00000000   
60.00000000   
90.00000000   
120.00000000   
150.00000000   
180.00000000   
0.00000000   
30.00000000   
60.00000000   
90.00000000   
120.00000000   
150.00000000   
180.00000000   
0.00000000   
30.00000000   
60.00000000   
90.00000000   
120.00000000   
150.00000000   
180.00000000   
0.00000000   
30.00000000   
60.00000000   
90.00000000   
120.00000000   
150.00000000   
180.00000000   
0.00000000   
30.00000000   
60.00000000   
90.00000000   
120.00000000   
150.00000000   
180.00000000   
0.00000000   
30.00000000   
60.00000000   
90.00000000   
120.00000000   
150.00000000   
180.00000000   
0.00000000   
30.00000000   
60.00000000   
90.00000000   
120.00000000   
150.00000000   
180.00000000   
0.00000000   
30.00000000   
60.00000000   
90.00000000   
120.00000000   
150.00000000   
180.00000000   
0.00000000   
30.00000000   
60.00000000   
90.00000000   
120.00000000   
150.00000000   
180.00000000   
0.00000000   
30.00000000   
60.00000000   
90.00000000   
120.00000000   
150.00000000   
180.00000000   
0.00000000   
30.00000000   
60.00000000   
90.00000000   
120.00000000   
150.00000000   
180.00000000   
0.00000000   
30.00000000   
60.00000000   
90.00000000   
120.00000000   
150.00000000   
180.00000000   
0.00000000   
30.00000000   
60.00000000   
90.00000000   
120.00000000   
150.00000000   
180.00000000   
0.00000000   
30.00000000   
60.00000000   
90.00000000   
120.00000000   
150.00000000   
180.00000000   
0.00000000   
30.00000000   
60.00000000   
90.00000000   
120.00000000   
150.00000000   
180.00000000   
0.00000000   
30.00000000   
60.00000000   
90.00000000   
120.00000000   
150.00000000   
180.00000000   
