3.217107140000003
3.217105799999999
3.2171045100000057
3.2171035500000045
3.217102760000003
3.2171021500000023
3.2171016600000044
3.239637420000001
3.2303053100000056
3.209641860000005
3.1774710800000037
3.1500929800000037
3.137601740000001
3.1436108000000047
3.2198311500000045
3.205946279999999
3.1816302100000016
3.144488899999999
3.0731500400000016
2.9479063100000005
2.8333914600000014
3.2726207600000023
3.259395470000001
3.2447216999999995
3.2236818599999992
3.2138168700000023
3.1877188300000014
3.186628980000002
3.2957419700000017
3.2899701800000045
3.282113040000006
3.274636100000002
3.2676788099999996
3.2628975400000044
3.264769110000003
3.3116528000000045
3.3098331600000037
3.307250340000003
3.30505419
3.3028776300000047
3.301402440000004
3.302238690000003
3.3160159600000014
3.3154512400000016
3.3150681600000027
3.3144407200000003
3.3138590100000016
3.313475330000003
3.313720690000004
3.3167765300000056
3.316728750000003
3.3164141600000008
3.316240239999999
3.3161140800000055
3.3160313300000013
3.316116640000004
3.3167689100000004
3.3164792399999996
3.3160463500000006
3.316072030000001
3.3162085599999997
3.3163777600000017
3.3162208000000035
3.316480570000003
3.315716430000002
3.315167240000001
3.3155204299999994
3.315843110000003
3.315905700000002
3.31614596
3.31620753
3.3146744800000008
3.3134462400000047
3.3145887599999995
3.3155831300000003
3.315654380000005
3.315879360000004
3.315991850000003
3.3143455200000034
3.312938420000002
3.314396330000001
3.3152335300000004
3.31509449
3.3156850800000015
3.315884440000005
3.3144589999999994
3.31400515
3.3150593599999993
3.3150428000000005
3.31471423
3.3155247500000016
3.3158413499999995
3.3150529600000027
3.3146448399999997
3.315266380000004
3.3149692799999997
3.3148311400000026
3.315691650000005
3.3157969900000026
3.315116770000003
3.3149575000000056
3.315366240000003
3.315293320000002
3.3152105400000025
3.315705170000001
3.3157906100000005
3.3154421099999993
3.31534937
3.315533880000004
3.315389600000003
3.3154464899999994
3.3157088700000017
3.3157722100000058
3.31571306
3.3156920000000056
3.315699170000002
3.315585370000001
3.31563319
3.3157489200000043
3.3157578400000034
3.3157034100000047
3.315670350000005
3.315663860000001
3.3156481400000004
3.315682450000004
3.315737519999999
3.3157508600000014
3.31566402
3.315656650000001
3.315535820000001
3.315534290000002
3.315647410000004
3.3157220900000013
3.3157462500000037
3.3157147699999996
3.3157198100000045
3.315640690000002
3.3156307
3.3156972600000003
3.3157295500000004
3.31574277
3.31574054
3.3157389600000045
3.3157212800000053
3.3157139099999995
3.3157308400000005
3.315737470000002
3.315740390000002
3.31574054
3.315738719999999
3.3157368399999996
3.3157350600000015
3.3157362399999997
3.3157381299999997
3.315738809999999
3.3157388400000016
3.3157375500000015
3.3157368399999996
3.3157362500000005
3.31573616
3.315737259999999
3.3157377600000046
3.3157377200000013
3.3157367900000025
3.3157363100000055
3.3157359300000024
3.3157358700000046
3.3157366300000035
3.3157370200000003
3.315736980000004
3.315736290000004
3.315735950000004
3.3157357100000056
3.315735680000003
3.3157362000000035
3.3157365
3.3157364600000037
3.3157359700000058
3.3157357199999993
3.315735570000001
3.3157355499999994
3.315735910000001
3.3157361400000056
3.3157361000000023
3.315735740000001
3.315735570000001
3.31573547
3.315735459999999
3.3157357100000056
3.315735889999999
3.315735840000002
3.315735580000002
3.315735459999999
3.315735400000001
3.315735400000001
3.315735580000002
3.3157357100000056
3.3157356700000022
3.31573547
3.3157353900000004
3.315735350000004
3.315735350000004
3.3157354800000007
3.315735570000001
3.3157355400000057
3.315735400000001
3.3157353400000034
3.315735310000001
3.3157353200000017
3.315735410000002
3.3157354800000007
3.3157354500000054
3.3157353400000034
3.3157353
3.3157352899999992
3.3157352899999992
3.315735360000005
